2.00E-04
1.00E-04
5.00E-05
2.00E-05
2.00E-05
5.00E-06
5.00E-06
5.00E-06
5.00E-06
5.00E-06
5.00E-06
5.00E-06
5.00E-06
5.00E-06
5.00E-06
5.00E-06
5.00E-06
5.00E-06
5.00E-06
5.00E-06
5.00E-06
5.00E-06
5.00E-06
5.00E-06
5.00E-06
5.00E-06
5.00E-06
5.00E-06
5.00E-06
5.00E-06
5.00E-06
5.00E-06
5.00E-06
5.00E-06
5.00E-06
3.00E-06
3.00E-06
3.00E-06
3.00E-06
3.00E-06
3.00E-06
3.00E-06
3.00E-06
3.00E-06
3.00E-06
3.00E-06
3.00E-06
3.00E-06
3.00E-06
3.00E-06
3.00E-06
3.00E-06
3.00E-06
3.00E-06
3.00E-06
3.00E-06
3.00E-06
3.00E-06
3.00E-06
3.00E-06
3.00E-06
3.00E-06
3.00E-06
3.00E-06
3.00E-06
3.00E-06
3.00E-06
3.00E-06
3.00E-06
3.00E-06
3.00E-06
3.00E-06
3.00E-06
3.00E-06
3.00E-06
3.00E-06
3.00E-06
3.00E-06
3.00E-06
3.00E-06
3.00E-06
3.00E-06
3.00E-06
3.00E-06
3.00E-06
3.00E-06
3.00E-06
3.00E-06
3.00E-06
3.00E-06
3.00E-06
3.00E-06
3.00E-06
3.00E-06
3.00E-06
3.00E-06
3.00E-06
3.00E-06
3.00E-06
3.00E-06
3.00E-06
3.00E-06
3.00E-06
3.00E-06
3.00E-06
3.00E-06
3.00E-06
3.00E-06
3.00E-06
3.00E-06
3.00E-06
3.00E-06
3.00E-06
3.00E-06
3.00E-06
